100000209457059
100001172146220
100001326922940
100004698335397
100005845802249
100008595794766
100012164674057
100012315375828
100012470532688
100013280718969
100014358093905
100018656319985
100019055580935
100022232552588
100024681464607
100025399542445
100027131015994
100027238582625
100027368389537
100027492284153
100028112260518
100028127796638
100028425348391
100028621053788
100028685225581
100029069018260
100029113686804
100029221758109
100030205748211
100030251237505
100030283891802
100030386286366
100030624278754
100030661687320
100031448182402
100031590128081
100031739243277
100031837008665
100031847025964
100032253615618
100032312612794
100032481157487
100032523850314
100032533600914
100032539266074
100032606712292
100032669115883
100032887952105
100032931194251
100032980062714
100033049460790
100033063083602
100033192440852
100033201703564
100033213291370
100033220724798
100033221957373
100033231433969
100033245448991
100033262270238
100033263761236
100033273317860
100033290536951
100033298092503
100033328511033
100033337663941
100033360037251
100033363127433
100033429391091
100033456005688
100033483363659
100033538320397
