+6281347849059
+6282388306660
+6281246896900
+6285881179904
+628980665271
+628998694328
+6283829444587
+212610175098
+62895366451380
+6285804883256
+6283124023934
+6283187800249
+6283120489078
+6285939936133
+6285767644892
+6285694990575
+62895803574775
+6282367981526
+6282253849907
+6283180184820
+2348022338961
+6287791115517
+6289644714342
+27785661676
+6282199401293
+970567135534
+6281284285607
+6287791036029
+6285361248906
+6283167032807
+6285212522205
+6281348186629
+6285669469714
+628978431321
+6287875045295
+6289663300219
+6281220402877
+6285600814410
+6285268053821
+6282377085477
+6281373035808
+6282152769435
+6281546906959
+6282282388758
+6289699647073
+6282191748105
+6283174041824
+6282214688284
